111111112
12691
1
15
111111113
16165
2
10
7
111111114
22984
1
5
111111115
8386
2
3
9
111111116
37562
1
17
111111117
49418
1
13
111111118
53404
2
5
10
111111119
12002
1
8
222222221
30297
1
13
222222223
676
1
16
222222224
7206
2
3
12
222222225
2252
1
11
222222226
13468
1
20
222222227
40579
1
3
222222228
12713
1
12
222222229
44096
1
10
333333331
27128
1
16
333333332
35066
1
20
333333334
10977
1
13
333333335
29314
1
7
333333336
21787
2
13
4
333333337
51198
1
12
333333338
9330
1
9
333333339
16679
1
7
444444441
52882
1
23
444444442
53226
1
6
444444443
3207
1
16
444444445
37678
1
14
444444446
3074
1
14
444444447
11225
1
4
444444448
44034
1
6
444444449
24045
1
9

